5000 60
3 104
14 46
5 82
10 139
15 184
1 75
14 115
3 80
14 123
4 63
16 180
19 114
11 86
9 69
2 45
11 49
10 53
15 51
6 153
5 85
10 115
5 187
15 82
9 185
10 30
19 93
5 142
17 130
16 130
9 96
5 146
19 168
11 80
14 63
1 4
6 63
14 195
3 15
1 122
15 191
4 41
1 152
15 132
14 179
18 158
8 63
20 166
7 139
2 123
11 55
9 181
18 68
12 72
11 12
13 63
13 170
4 57
3 153
3 198
18 166
9 167
2 76
3 185
9 149
5 140
13 98
8 103
2 94
14 182
20 3
20 124
1 83
14 180
13 87
12 93
20 24
13 83
19 147
19 121
13 134
12 80
16 148
15 64
19 112
8 114
10 59
12 160
5 176
16 67
13 41
8 188
4 119
16 45
6 159
20 1
5 24
5 147
16 14
13 89
3 88
4 126
9 80
4 70
14 86
3 27
17 105
10 51
6 3
12 172
7 196
19 69
12 74
4 129
9 23
7 157
15 70
12 72
8 47
11 131
15 144
18 147
6 43
3 39
13 172
19 151
6 21
19 143
6 154
4 154
11 155
2 82
5 79
11 195
3 186
9 12
7 163
12 30
7 135
3 159
4 184
8 51
15 160
19 22
6 29
7 175
14 142
4 127
15 121
3 3
10 89
13 103
8 35
6 100
16 69
10 139
9 93
14 100
11 132
8 82
16 196
3 12
4 155
12 47
5 194
9 78
6 159
20 149
11 186
19 36
13 82
18 7
16 173
7 86
18 196
2 144
18 27
10 112
17 140
9 16
16 81
16 89
13 114
17 9
20 166
11 5
13 186
1 35
16 188
4 48
20 127
3 60
5 9
13 119
15 53
5 126
3 15
6 64
6 50
4 192
4 175
7 200
15 43
5 166
13 186
9 123
4 174
16 121
19 145
18 150
13 23
14 126
11 37
10 125
16 52
9 72
20 185
14 93
19 70
13 126
6 136
1 48
17 38
6 99
3 99
12 176
5 139
9 137
19 191
19 187
20 34
18 75
11 135
8 118
7 160
7 191
10 90
13 161
14 196
10 120
6 111
8 47
18 197
17 199
4 15
4 90
11 133
6 110
17 107
18 41
6 174
12 163
3 127
12 22
20 109
11 36
7 107
6 150
8 21
11 90
5 148
6 51
10 33
6 117
5 184
19 199
20 26
2 21
18 150
12 5
19 90
12 114
2 57
18 112
8 171
11 123
11 25
11 72
14 95
16 24
12 132
1 140
17 100
19 145
12 3
11 35
18 107
17 22
16 110
20 115
13 35
9 62
8 87
3 16
12 68
16 150
13 137
6 54
12 188
2 99
2 86
11 124
8 197
16 123
11 138
19 145
7 121
19 161
8 196
20 51
1 81
8 176
9 117
3 60
6 95
3 60
5 94
18 127
20 86
11 62
7 67
8 100
9 109
15 73
9 150
17 131
7 182
15 74
5 115
7 150
11 97
18 168
19 161
14 17
16 45
10 131
5 31
6 146
4 14
5 195
2 123
20 167
3 108
9 95
16 180
10 3
17 80
16 104
10 127
15 85
20 106
14 182
13 166
17 189
13 73
1 197
6 148
3 129
14 147
2 111
2 103
4 112
6 19
16 4
20 15
7 14
2 59
16 132
18 158
13 117
16 17
2 184
6 67
18 4
16 52
10 160
11 199
11 110
1 92
9 167
2 64
20 25
6 197
12 58
17 51
3 97
8 30
18 72
11 74
13 56
13 188
4 105
13 74
13 115
19 74
3 193
5 185
14 66
18 100
16 193
16 34
1 39
15 168
13 21
16 101
20 182
8 183
14 117
19 27
7 193
6 193
14 2
9 76
13 116
12 69
6 100
8 183
6 35
14 184
7 92
14 168
2 141
15 142
10 133
11 41
6 101
5 113
5 131
9 177
11 94
9 33
7 170
12 75
18 61
8 137
15 176
19 37
19 40
4 182
10 152
14 117
9 152
8 9
8 134
15 181
19 151
18 53
19 169
7 110
2 197
14 15
19 184
11 64
4 146
3 75
18 15
19 43
17 177
1 197
8 97
16 4
20 111
11 19
18 176
7 174
8 149
9 178
9 28
11 133
1 188
1 116
7 187
15 93
3 18
3 138
18 68
19 191
6 8
7 26
17 163
7 131
12 173
3 132
1 111
18 40
14 61
8 156
4 54
4 94
14 115
18 141
4 176
8 43
18 42
12 36
12 48
12 70
14 52
11 166
12 26
2 72
9 41
20 195
1 103
5 83
13 98
18 26
19 119
16 66
7 81
9 8
13 173
7 166
10 101
8 157
16 18
12 89
10 55
20 131
11 10
1 159
12 56
1 134
13 6
14 154
18 131
9 46
7 129
4 80
16 179
8 61
15 172
7 96
11 32
3 88
16 69
2 171
19 192
4 92
18 43
19 7
16 178
8 176
19 139
14 57
14 23
11 177
6 200
10 115
15 54
3 100
17 134
15 53
1 172
11 112
2 155
20 54
15 123
1 142
15 169
7 52
9 33
18 195
5 53
11 109
14 191
11 198
5 23
20 157
14 113
2 62
8 181
12 26
19 143
7 115
2 54
19 72
17 105
19 174
12 185
9 170
1 57
18 156
12 200
7 91
16 124
20 153
20 148
18 154
18 153
16 60
18 112
3 86
18 26
13 81
5 185
20 10
16 12
13 149
3 24
9 143
13 130
17 106
18 101
11 105
18 110
8 17
4 156
10 136
10 142
17 134
1 169
10 98
10 47
8 133
12 166
4 196
15 128
15 124
8 124
13 20
10 134
3 39
9 181
11 170
6 110
9 106
19 2
4 18
14 22
1 200
15 193
8 172
16 9
10 98
12 177
14 154
16 83
13 107
7 108
12 84
13 104
7 195
7 85
13 166
4 125
15 169
9 130
7 114
11 20
8 190
7 143
5 69
9 114
3 110
4 151
2 81
2 51
18 186
16 109
7 126
16 3
18 5
19 126
11 176
13 157
16 42
4 26
8 50
20 137
8 173
16 144
18 153
7 59
6 18
10 185
3 173
6 200
16 97
2 29
16 49
12 40
4 2
13 33
1 189
20 77
19 107
11 20
4 39
5 9
13 140
13 85
12 101
13 138
18 129
16 4
18 118
3 194
17 67
4 115
14 48
19 37
16 75
20 176
11 100
7 66
11 59
7 13
10 76
9 108
15 125
6 75
4 65
13 181
16 62
6 5
19 198
20 34
4 29
6 70
15 39
15 68
9 81
19 135
10 57
12 177
8 106
15 49
3 67
6 61
16 152
14 61
5 12
15 145
15 142
15 189
4 187
10 12
6 63
9 197
20 196
8 42
5 135
17 70
20 73
12 87
4 58
2 13
13 104
15 27
4 68
16 76
3 94
13 42
1 186
12 162
14 62
1 16
17 125
6 187
9 144
4 18
8 107
5 181
19 87
18 195
11 106
15 63
20 126
5 109
14 74
11 21
15 88
15 157
2 1
10 16
7 14
9 149
17 60
6 98
15 144
16 115
3 75
7 158
4 102
20 77
15 152
12 153
2 157
2 85
2 200
2 120
20 61
11 41
8 91
8 143
12 147
10 182
12 104
18 197
18 139
16 70
6 123
19 119
3 173
9 86
16 170
17 199
15 46
4 146
16 154
17 48
17 123
12 92
19 40
13 24
7 50
12 43
1 182
6 183
3 173
1 91
4 179
13 160
16 152
19 197
14 191
6 17
8 83
8 91
13 194
10 24
18 114
6 69
6 192
9 64
8 72
15 197
19 198
8 14
6 113
19 160
14 70
4 180
15 48
1 73
16 120
8 35
7 8
13 12
19 55
8 46
1 132
10 176
15 131
15 45
9 13
16 139
7 131
6 8
17 200
1 31
1 16
10 89
18 192
14 158
5 4
4 80
16 168
15 146
20 145
3 76
15 50
20 99
4 56
7 141
16 91
17 1
5 164
7 137
6 29
19 72
10 36
12 149
2 90
16 122
20 200
11 83
4 8
12 136
15 161
8 186
12 40
1 37
20 83
19 6
5 28
18 85
1 67
11 164
10 179
4 186
14 164
9 140
20 35
20 18
17 198
11 145
1 155
14 155
15 99
12 133
20 134
6 160
9 146
19 40
16 154
3 156
2 5
20 109
13 163
12 148
8 188
10 128
6 192
17 62
16 141
5 56
12 187
12 175
10 150
18 84
2 197
7 31
10 97
9 132
18 99
11 170
2 137
13 118
6 136
18 187
5 136
5 44
5 104
16 142
14 194
5 142
19 63
20 95
13 152
14 83
16 183
8 183
13 115
15 148
12 72
18 54
4 116
2 129
2 101
14 195
8 131
4 135
1 163
5 85
6 67
17 138
7 175
13 46
14 27
16 81
4 139
3 143
12 56
13 113
14 178
9 192
10 168
2 179
13 139
20 25
20 183
5 145
8 35
17 163
10 70
5 150
6 147
19 192
17 5
18 173
12 26
9 132
10 86
1 198
8 123
14 83
12 185
6 87
12 129
14 149
17 42
19 167
12 125
19 29
6 135
12 32
10 18
9 162
5 83
19 85
19 161
16 45
15 164
20 22
2 184
19 113
6 121
1 141
3 129
4 12
4 33
20 36
20 93
1 31
2 49
1 118
11 16
13 114
4 178
13 124
10 143
10 36
16 117
12 180
12 147
11 190
10 158
17 98
8 59
14 135
5 42
20 177
8 175
20 159
1 85
14 97
13 162
17 18
4 143
11 157
16 128
10 79
16 91
1 116
12 72
7 21
18 157
2 169
2 170
5 58
8 119
19 38
12 101
10 33
5 172
18 124
6 156
2 194
18 173
9 62
20 88
17 127
12 79
1 7
11 18
7 41
6 74
9 45
19 160
10 122
6 188
13 192
14 135
2 134
1 174
3 56
1 87
1 37
7 24
5 188
17 107
5 132
3 112
4 83
11 141
9 123
9 69
9 6
15 12
3 194
3 190
10 18
9 28
4 79
18 59
13 19
13 168
20 9
6 5
10 19
20 41
1 81
20 102
7 198
15 17
12 180
2 9
18 159
8 104
15 5
7 156
3 199
13 69
6 91
12 170
6 114
17 121
3 80
6 13
9 36
10 139
20 199
8 154
8 48
19 26
1 106
16 102
11 129
1 144
19 95
16 72
5 135
18 4
4 14
15 87
1 25
7 134
3 18
10 88
1 101
18 145
11 59
13 109
17 50
7 154
19 99
9 131
2 9
17 182
11 96
13 117
7 45
20 4
12 7
12 101
15 103
7 4
16 101
20 122
15 31
16 42
8 172
18 144
16 131
17 79
14 143
15 112
15 31
14 153
20 145
1 38
3 160
3 81
1 4
10 112
19 26
11 25
2 127
20 138
15 19
9 171
15 147
9 85
14 13
17 151
9 42
3 141
11 20
14 121
2 90
2 40
9 21
17 84
16 80
11 167
13 149
1 78
3 36
17 133
6 6
7 95
8 94
5 41
7 126
16 151
9 78
13 148
5 163
12 126
20 44
2 148
10 178
8 62
8 16
14 35
8 65
3 25
16 174
14 131
20 103
13 19
13 83
1 85
4 108
6 51
14 28
10 155
19 27
11 13
20 87
17 161
16 69
6 7
16 179
14 162
15 118
7 13
1 44
10 74
16 130
20 30
6 117
12 1
17 133
17 57
10 107
13 71
16 145
5 188
13 191
13 71
18 69
5 105
1 141
12 91
16 86
15 70
11 135
20 175
18 159
5 107
16 196
19 83
16 91
14 37
10 116
20 126
2 154
20 124
2 169
20 179
4 44
17 66
9 54
5 108
20 126
9 80
11 90
4 139
5 49
19 11
13 29
1 10
3 29
4 19
17 34
1 96
20 103
1 141
11 49
10 90
17 95
15 31
15 76
15 111
2 119
8 7
19 20
1 91
11 56
2 195
10 56
11 196
16 174
20 34
10 141
15 170
10 182
7 12
9 145
14 91
13 186
13 43
17 135
15 89
19 125
11 34
1 92
2 88
7 100
2 56
19 128
11 5
13 7
12 50
11 182
20 4
7 196
3 113
14 111
6 152
1 50
5 195
6 51
7 24
17 200
14 118
13 43
9 90
4 66
6 47
13 49
9 186
6 116
18 162
8 114
10 130
14 59
2 153
20 124
17 56
9 179
7 96
11 91
2 66
11 152
1 79
19 121
5 200
15 184
12 34
17 150
18 199
16 167
19 105
9 94
17 85
11 186
20 57
1 145
17 194
5 143
15 196
1 124
6 127
3 85
9 74
17 162
12 9
19 77
9 135
20 185
14 97
4 96
13 134
12 3
4 152
8 72
9 54
16 34
4 136
13 162
16 111
11 79
10 188
20 7
6 108
15 53
12 170
3 109
12 15
15 116
12 17
15 174
6 174
16 39
9 111
18 135
7 17
15 50
19 177
15 134
20 93
6 32
2 165
6 115
20 171
2 178
7 9
14 72
4 56
2 44
15 164
12 116
3 197
10 37
3 64
19 166
1 142
8 97
11 165
3 74
16 182
8 2
9 41
17 5
6 160
3 196
4 89
15 173
1 133
11 157
7 44
5 137
14 69
11 151
11 186
18 19
4 171
13 108
3 200
2 31
7 115
17 15
5 114
18 67
14 18
19 187
13 1
11 66
11 83
13 142
1 150
11 77
13 151
2 23
3 33
20 12
6 173
12 127
8 63
9 70
11 34
13 163
11 94
17 159
10 74
20 134
19 188
15 69
15 31
9 149
20 180
19 126
5 75
20 77
1 41
4 100
14 166
20 43
7 56
15 125
3 135
4 116
6 22
9 164
19 191
13 177
6 122
4 34
12 169
1 71
1 166
7 178
6 97
1 183
16 191
4 115
18 160
1 120
10 82
18 28
12 30
5 38
8 9
14 145
12 144
8 150
2 192
19 80
6 12
13 163
15 88
8 157
11 49
4 181
11 173
4 68
15 163
4 66
2 159
1 193
14 156
7 133
10 105
3 81
8 192
9 12
1 122
17 187
1 143
1 181
12 179
5 37
10 60
1 136
6 60
3 189
9 98
7 163
10 3
16 109
7 46
17 42
12 11
9 140
1 198
17 173
8 115
9 55
8 23
18 112
18 193
18 134
3 186
18 154
18 75
17 134
11 105
19 183
18 3
11 148
15 6
14 174
5 39
14 183
11 166
18 99
19 7
4 26
4 7
14 53
19 104
12 157
12 76
12 68
19 87
1 38
3 61
2 86
20 78
5 59
17 64
14 199
11 29
15 190
2 188
6 34
7 188
19 172
18 1
4 127
19 11
17 29
19 109
10 84
17 97
5 137
12 81
5 58
9 178
15 101
14 94
12 175
17 105
15 46
5 76
6 96
18 142
8 146
5 90
1 35
9 69
15 189
11 27
1 90
4 193
4 76
9 2
6 30
15 3
6 170
16 199
9 120
3 104
19 157
10 22
17 131
8 168
12 75
1 7
12 158
8 176
8 111
8 165
18 137
11 154
3 53
3 41
14 147
2 174
7 127
14 146
8 200
1 134
10 107
5 92
7 174
8 189
19 71
3 132
16 81
7 46
16 133
16 172
13 10
7 17
3 125
15 64
2 178
8 189
20 55
2 164
20 41
9 73
9 146
20 80
4 182
15 45
6 111
13 119
6 108
20 146
7 14
1 34
16 62
17 81
11 11
14 134
9 46
16 181
7 83
16 192
14 39
13 152
13 93
18 95
2 20
8 114
17 141
12 162
14 67
14 172
2 40
12 99
7 102
2 193
7 184
17 139
1 189
18 82
16 88
17 170
15 177
6 67
16 164
2 169
15 28
12 136
15 133
1 38
19 37
17 26
2 185
9 83
5 24
8 84
18 7
15 141
4 29
15 135
10 170
4 6
10 27
2 198
19 32
8 185
11 15
10 175
17 98
15 176
11 189
15 144
13 24
10 148
15 89
18 25
11 165
3 156
7 39
19 25
4 83
2 132
5 25
15 69
16 103
13 110
18 74
16 31
12 102
1 73
8 108
16 172
11 195
5 196
18 74
1 114
12 80
18 182
5 78
15 32
12 147
16 69
5 8
6 39
14 70
2 110
17 15
17 8
15 167
17 27
8 28
17 155
20 49
17 194
20 111
14 185
10 103
17 199
9 58
19 187
4 198
14 6
17 117
14 73
16 186
17 16
17 1
1 46
12 141
6 101
5 37
5 193
15 52
1 186
13 64
15 50
19 171
15 112
13 45
17 179
15 115
7 70
9 169
12 139
14 16
2 66
11 189
9 146
8 76
2 90
20 72
7 89
17 5
3 93
16 66
3 138
14 97
3 70
6 4
19 186
15 66
1 13
13 124
6 39
16 163
17 120
3 121
6 62
9 110
15 64
9 176
5 158
19 170
7 165
18 184
2 99
10 38
4 154
18 73
16 154
19 85
11 69
7 76
7 54
3 94
7 77
16 133
9 118
13 177
20 10
19 3
8 122
18 172
7 88
1 105
8 111
5 162
3 21
8 180
10 23
8 125
9 177
9 138
2 119
16 65
10 85
7 30
6 107
2 21
8 148
17 174
7 82
2 130
14 4
8 177
17 43
2 185
19 199
2 158
2 23
7 81
14 9
12 27
4 73
12 81
3 106
9 125
17 96
9 83
16 77
2 108
11 147
10 112
2 167
15 173
10 137
18 27
7 180
7 113
18 128
2 24
10 127
7 196
11 151
4 169
2 159
6 146
17 137
11 53
9 23
18 12
15 97
20 8
2 33
7 190
12 147
8 5
8 122
9 25
20 173
10 139
12 12
11 40
5 12
9 188
16 96
3 184
19 124
1 8
14 193
16 127
7 166
3 42
4 30
18 182
2 10
8 4
14 200
19 151
3 68
17 8
15 71
11 93
11 150
1 109
10 34
16 9
20 182
19 84
9 127
20 182
16 153
1 168
19 150
1 74
6 23
15 91
12 71
17 38
12 21
19 157
10 81
16 98
11 94
5 190
14 137
9 72
4 8
2 37
18 109
15 54
16 133
3 5
3 151
3 123
4 58
2 38
8 74
18 138
20 71
16 113
7 78
19 157
7 81
19 100
6 113
2 85
15 6
6 123
4 12
7 133
5 89
12 22
11 72
16 66
8 42
5 3
10 184
3 102
8 45
4 6
2 141
7 95
10 152
19 33
11 87
1 120
8 182
7 25
2 76
18 177
14 157
13 162
4 155
13 82
2 78
1 121
16 73
6 126
4 192
8 106
15 148
8 23
8 120
12 196
1 173
7 46
1 10
7 83
17 79
15 142
14 120
6 118
7 173
8 122
19 56
17 189
15 94
4 136
10 68
19 85
6 18
18 152
18 76
16 186
19 66
19 89
10 39
12 192
19 15
8 56
14 109
13 141
11 104
12 29
15 101
4 123
13 40
18 35
7 32
5 120
10 148
7 10
12 115
11 70
4 50
20 155
6 176
8 48
1 7
3 6
7 26
16 190
20 1
10 176
5 16
4 80
12 141
19 59
15 91
6 61
11 171
14 9
4 83
4 128
8 20
17 53
15 168
16 80
2 122
19 199
16 71
8 58
8 108
16 63
18 38
3 42
4 74
6 161
3 160
9 118
19 159
17 189
17 58
10 145
19 29
4 164
5 18
10 105
3 76
13 144
1 193
9 92
13 133
16 148
19 82
19 111
8 93
14 18
14 79
19 167
1 102
17 162
15 66
11 161
3 167
3 36
20 176
15 172
3 127
6 123
17 56
16 95
16 48
7 127
18 108
8 200
18 190
4 7
16 178
7 139
17 178
14 19
15 44
5 100
2 33
20 172
1 149
8 18
17 8
19 94
14 50
13 87
8 2
12 145
5 181
2 162
15 78
17 172
11 167
19 113
11 73
5 104
9 14
7 6
2 108
14 63
4 161
9 61
13 94
20 113
7 79
19 116
17 70
5 189
7 22
7 66
14 76
20 125
10 49
17 31
18 56
1 116
15 113
9 101
9 87
5 92
13 191
3 166
5 65
7 145
12 52
4 191
17 152
16 62
15 73
16 5
7 146
12 162
2 64
15 137
20 165
7 185
6 66
18 93
16 145
10 112
18 172
13 41
7 153
14 53
10 124
7 168
14 146
14 45
17 159
15 190
1 5
3 120
11 54
4 81
4 144
7 45
8 146
9 135
14 160
9 17
13 147
9 45
13 26
7 76
2 1
4 93
1 121
7 144
7 11
9 156
20 77
9 127
18 55
8 138
13 34
10 197
1 154
15 149
7 47
6 141
11 145
15 121
1 48
10 181
18 128
20 39
5 97
4 9
13 194
6 116
14 173
11 31
9 89
19 77
16 37
3 118
17 91
8 38
10 159
20 66
8 137
6 5
5 123
6 185
17 100
20 150
19 123
3 78
1 76
3 178
4 151
15 163
4 78
9 199
9 72
17 96
17 181
1 51
11 148
19 20
7 151
19 132
11 22
4 156
18 83
14 100
11 25
10 155
6 133
2 50
20 5
18 179
3 112
8 167
3 32
7 33
1 200
6 188
4 62
5 183
18 113
3 109
9 65
11 181
18 99
19 134
10 176
3 200
18 140
19 190
3 8
13 54
4 165
19 197
2 150
9 101
17 199
18 96
4 58
14 73
4 24
16 56
5 79
14 121
13 93
5 87
10 97
15 173
19 132
9 97
16 194
20 192
20 90
3 148
15 22
7 43
5 144
5 5
7 82
1 17
16 67
11 158
15 81
4 166
14 121
16 97
20 77
11 166
9 101
7 28
5 114
3 106
4 33
19 51
8 69
13 174
16 2
7 73
20 17
3 68
6 108
13 196
18 154
20 140
1 185
16 169
1 49
15 55
12 61
5 51
19 21
10 63
2 153
14 159
8 142
15 129
5 10
14 189
3 150
9 144
9 35
13 159
15 23
6 46
6 158
7 120
10 190
9 123
7 161
13 23
15 101
10 29
3 94
17 171
18 174
3 91
9 30
4 34
14 156
6 182
5 164
3 129
11 199
19 57
4 82
15 180
16 135
4 160
13 124
10 158
3 2
18 172
13 73
7 15
13 42
6 174
5 79
2 146
5 80
7 56
17 122
15 44
11 4
10 1
19 40
1 66
14 109
8 110
14 116
12 43
17 91
13 86
7 153
8 38
13 127
8 21
18 56
7 38
16 93
18 94
10 12
8 137
7 116
16 67
14 71
11 64
9 29
16 35
9 53
1 182
9 160
1 40
2 39
18 8
19 28
14 47
18 123
13 150
13 134
19 144
6 6
5 131
15 131
7 200
14 130
1 105
5 48
5 125
20 134
13 176
13 74
5 5
15 119
12 3
2 91
1 17
15 13
3 95
20 79
11 196
15 79
3 116
6 28
1 145
12 3
10 34
16 54
18 7
11 138
7 86
6 194
1 100
3 6
7 21
16 22
15 143
3 32
3 45
8 70
2 162
11 32
11 32
12 191
16 68
10 130
16 34
16 66
12 177
8 79
2 108
2 110
3 65
19 179
18 31
12 110
10 99
1 75
8 23
1 83
3 47
13 113
10 171
6 164
17 175
1 178
10 132
9 50
11 107
1 48
19 101
4 183
10 117
4 72
13 93
2 75
10 25
9 56
9 128
19 194
11 81
17 125
20 157
4 172
14 42
2 69
4 196
9 88
8 132
17 145
1 174
4 174
13 22
14 12
2 130
5 71
8 74
13 33
7 93
20 57
4 129
11 71
8 179
12 56
18 151
17 191
7 41
9 101
2 174
16 134
6 184
3 173
16 189
18 85
11 99
2 11
17 50
15 115
4 115
15 188
2 145
20 20
20 82
15 105
12 106
12 121
20 188
1 170
4 183
13 2
6 1
10 36
20 126
5 181
16 155
13 50
2 196
10 7
19 97
13 99
16 34
3 171
4 18
14 187
10 58
7 174
10 155
11 190
18 110
5 188
8 114
19 41
20 181
16 178
5 44
4 197
13 190
11 103
6 109
20 97
15 10
10 43
16 75
20 39
20 32
14 53
11 51
2 194
15 35
8 29
5 30
16 158
15 190
5 3
14 157
20 145
10 178
4 179
7 87
10 29
3 68
7 33
11 137
2 64
20 176
12 96
16 162
16 184
1 142
20 101
19 53
20 106
8 17
12 114
6 47
3 21
18 122
19 114
15 4
9 171
13 62
15 31
7 119
7 10
17 132
6 193
3 21
12 170
3 28
6 84
3 120
11 2
11 174
19 119
4 120
16 180
18 101
1 121
12 10
15 13
6 29
2 185
6 155
7 36
6 135
8 35
14 154
2 133
17 155
6 31
4 112
4 113
13 4
18 187
11 3
5 23
2 103
8 126
2 102
14 130
13 108
18 72
19 141
12 77
11 160
17 39
9 104
6 140
9 89
20 196
13 112
14 194
6 148
4 119
20 53
1 44
18 9
20 110
9 12
16 173
12 164
7 52
12 189
8 96
14 60
19 134
14 135
14 53
6 36
14 139
2 73
12 37
18 73
19 28
20 194
4 45
3 174
7 104
10 5
16 18
16 77
5 58
19 136
9 112
11 95
16 119
16 69
6 175
7 70
13 123
2 169
15 22
2 57
12 70
6 125
20 71
14 149
18 34
13 165
14 112
2 132
6 108
12 138
6 28
8 15
10 151
4 182
1 118
11 94
13 111
3 163
7 91
7 74
13 116
10 91
18 144
16 40
14 3
4 33
7 91
6 119
3 188
17 143
12 127
2 186
12 95
4 19
19 118
17 62
9 98
11 170
7 118
6 101
2 14
10 123
16 38
9 75
9 140
5 20
12 191
1 32
3 9
18 169
2 194
4 160
1 54
2 173
3 159
19 159
7 90
15 30
4 149
1 127
1 15
16 82
17 105
16 84
8 23
7 179
15 114
12 101
9 64
3 10
20 164
1 138
10 177
13 97
3 195
5 173
8 11
2 99
19 100
20 187
16 51
17 129
17 186
19 77
19 21
9 195
14 44
8 66
3 194
13 53
9 193
12 54
9 41
14 182
4 43
16 175
20 73
6 47
19 13
14 18
12 38
10 33
9 173
8 107
13 34
10 40
6 29
8 180
11 61
10 17
1 169
20 153
6 161
4 13
9 169
20 132
15 20
2 180
13 64
17 174
19 198
20 90
13 173
8 162
3 21
15 171
13 111
17 97
8 197
4 6
14 71
4 3
8 99
18 104
9 169
16 176
8 186
17 88
19 115
12 144
20 182
5 68
19 108
10 24
6 7
19 199
6 180
10 74
17 143
10 5
17 133
19 70
15 131
19 120
20 148
1 183
20 105
13 137
2 147
6 88
17 181
18 122
3 67
20 112
11 43
8 143
15 93
8 107
5 98
8 198
13 29
15 147
4 39
3 64
16 103
15 117
9 13
6 187
11 77
19 25
1 102
3 106
10 198
2 47
11 155
8 178
19 180
8 162
14 31
20 76
8 72
12 57
17 179
14 136
10 61
17 2
13 123
12 73
2 127
14 76
2 87
9 29
14 65
17 94
12 64
17 71
20 11
9 76
15 196
11 172
8 163
12 165
1 174
1 24
5 75
6 143
2 2
15 147
12 177
5 12
5 191
3 167
6 62
4 181
15 97
1 39
2 80
20 119
18 184
13 142
5 135
13 17
12 117
14 157
15 37
16 192
1 90
16 35
5 192
9 84
7 33
10 5
14 187
4 141
17 80
5 3
7 100
19 68
2 1
10 21
14 95
15 101
15 187
12 57
6 100
14 98
15 32
10 79
16 136
1 153
5 77
1 144
14 116
8 44
3 51
2 155
3 163
15 101
9 113
2 52
15 142
19 102
7 165
7 116
11 194
17 170
17 25
11 144
3 139
12 45
13 143
12 73
8 63
2 3
12 41
6 20
5 147
10 16
1 57
19 9
4 85
4 49
8 167
15 200
17 18
14 163
3 50
10 28
19 111
11 162
4 169
10 66
13 37
12 149
19 101
14 34
12 120
10 58
10 159
20 181
5 36
19 160
11 58
3 134
18 128
13 131
17 126
12 189
14 17
4 5
3 87
13 12
10 95
2 22
17 16
2 75
5 135
7 53
8 179
3 55
2 44
12 113
2 161
8 45
12 15
6 10
3 156
3 62
6 63
16 41
17 179
15 35
3 197
9 78
15 195
5 1
16 122
18 39
6 53
4 118
10 166
13 25
17 37
3 14
2 107
11 191
12 20
16 98
7 87
10 55
4 40
11 98
9 164
5 12
12 77
15 39
18 123
6 139
7 99
5 111
9 173
8 78
1 133
5 37
17 3
6 58
7 27
3 55
14 152
7 66
7 152
10 54
10 104
8 72
10 72
13 163
2 134
19 77
6 94
14 172
17 123
6 129
3 117
8 91
15 187
9 24
2 119
6 165
17 169
4 77
2 93
16 197
2 103
10 104
10 40
14 39
13 49
18 64
11 77
19 81
4 10
3 170
18 152
9 20
14 65
14 79
7 198
19 127
15 7
7 14
2 95
13 29
3 178
13 71
6 116
10 4
4 43
13 48
4 13
7 108
20 175
13 175
12 142
19 87
6 56
4 39
17 109
12 115
12 128
20 47
8 108
15 154
9 74
3 120
12 2
5 38
6 23
8 61
3 70
13 182
1 45
12 56
17 171
4 147
20 155
9 194
7 157
2 154
11 80
2 181
20 90
19 144
14 20
6 195
1 168
9 55
20 50
7 36
15 55
11 41
14 120
15 10
15 163
8 44
12 146
19 92
2 72
9 146
2 189
15 23
8 122
12 9
6 54
20 6
10 141
15 119
7 143
9 83
15 156
16 116
12 86
8 98
4 120
2 49
8 55
20 86
14 122
19 109
15 161
17 153
6 124
15 116
16 165
17 106
11 29
12 54
3 1
5 93
6 54
16 158
11 92
6 8
10 16
7 190
12 132
12 33
20 83
4 78
4 85
11 27
1 188
5 78
9 111
13 154
12 74
11 160
13 160
3 28
3 54
2 49
7 164
1 57
10 89
17 188
5 109
15 129
19 159
2 32
11 3
20 93
20 73
16 137
6 5
15 10
9 30
6 3
7 23
5 145
14 178
18 114
7 139
10 11
7 171
17 17
14 64
10 29
6 178
7 46
4 74
4 127
20 62
18 168
2 94
2 118
11 59
14 185
2 153
10 110
19 125
5 76
13 39
7 119
13 98
20 40
12 111
9 123
15 80
7 176
6 192
2 6
2 142
16 89
17 77
15 23
18 54
9 188
17 193
11 162
12 44
3 162
3 152
15 27
2 150
1 38
7 91
5 195
13 190
12 153
17 9
5 43
12 115
12 148
4 97
17 156
6 100
2 71
11 199
2 114
4 23
5 145
17 100
10 19
14 129
2 173
2 134
2 151
15 13
18 141
7 143
17 160
11 69
17 175
15 58
9 78
10 96
7 98
7 61
9 29
2 165
20 28
8 29
8 100
15 56
18 69
9 162
7 54
1 97
13 55
6 66
13 15
13 167
2 160
6 195
5 184
20 22
14 168
7 19
8 173
8 188
17 83
15 71
6 160
10 64
4 189
7 37
15 194
13 161
14 84
11 130
3 110
1 21
12 197
7 72
19 23
12 139
14 161
3 33
15 135
1 121
10 170
9 158
19 13
18 10
11 25
11 18
15 100
3 187
5 184
7 103
13 108
3 17
8 150
13 5
18 135
11 138
2 57
7 155
6 172
14 138
17 48
7 102
15 109
8 135
4 136
11 99
14 171
3 3
2 59
15 141
1 14
19 70
5 44
11 60
5 88
14 155
1 100
5 62
11 49
10 76
1 59
1 132
3 95
4 65
15 150
19 22
2 178
6 119
3 89
13 63
16 28
1 22
13 158
17 126
8 72
7 189
6 4
17 52
18 15
14 178
3 102
1 130
12 126
1 155
18 114
16 158
8 115
20 103
17 48
3 136
4 114
19 5
3 68
1 36
5 195
7 109
14 184
2 121
10 74
11 185
14 69
16 85
9 99
18 189
10 74
3 84
6 72
17 30
12 3
10 136
1 89
10 171
13 5
19 117
14 102
15 104
2 103
13 143
10 194
13 48
17 30
6 129
11 153
14 170
20 85
9 166
4 98
11 147
1 124
10 100
16 177
2 194
2 172
13 96
18 174
17 11
18 84
13 83
1 125
9 150
1 194
9 123
3 8
7 38
8 176
7 74
12 5
15 8
20 195
10 126
11 51
16 132
8 143
18 45
6 173
12 117
11 175
17 68
12 144
13 117
6 198
6 177
20 188
3 153
5 5
5 54
3 11
4 176
20 114
9 39
20 192
19 126
5 43
5 19
16 89
19 145
13 83
1 89
9 174
17 14
1 137
19 195
7 145
6 10
12 132
11 92
12 11
16 35
2 192
18 70
11 173
2 42
15 141
16 34
18 113
7 157
20 18
20 80
18 121
20 2
16 159
15 92
20 98
10 112
18 57
9 96
12 37
14 140
15 180
15 38
13 152
20 114
8 178
4 164
9 177
2 34
12 130
4 167
1 195
10 16
20 43
18 12
17 159
2 53
9 162
20 22
18 145
17 162
10 100
15 105
8 160
15 178
3 126
4 64
9 143
3 5
13 116
6 184
14 71
17 133
3 51
5 69
10 102
4 46
5 190
17 61
16 19
9 95
3 170
6 43
8 34
1 189
10 181
5 183
3 100
13 36
6 189
7 60
10 175
6 17
17 52
10 197
17 99
18 88
1 128
16 175
20 136
4 80
8 161
17 16
20 9
4 96
3 44
8 85
18 5
3 68
16 125
4 98
1 109
19 25
14 106
1 130
19 42
5 64
4 91
3 122
9 195
16 130
8 55
3 131
17 4
17 184
8 158
3 182
17 19
13 104
16 185
1 10
19 19
12 38
17 57
6 26
10 105
8 118
3 116
19 42
19 172
10 65
19 65
11 16
1 143
7 82
5 8
10 189
15 10
5 60
15 175
11 47
11 56
17 13
18 96
16 196
8 7
14 111
6 111
8 132
11 91
16 78
5 82
16 108
6 158
20 197
10 157
19 105
20 169
8 170
13 158
9 141
7 34
8 19
16 17
6 97
17 13
9 72
11 185
6 152
6 178
7 185
1 131
7 136
14 128
17 184
14 8
17 86
8 183
18 195
2 77
13 66
1 173
7 37
3 185
9 119
1 36
11 135
13 88
16 173
2 52
3 6
10 87
1 55
11 142
1 117
11 66
2 144
12 97
16 71
1 69
13 143
7 39
3 199
7 59
6 94
12 76
11 200
16 63
2 53
11 59
12 168
2 16
15 193
16 39
12 108
16 44
12 147
14 133
18 122
15 3
5 126
3 78
7 195
20 91
15 19
16 195
2 133
17 57
3 169
10 180
2 110
11 198
8 91
15 25
18 46
7 27
20 191
2 102
14 192
4 187
13 16
7 154
1 180
10 184
7 151
12 140
13 129
14 43
11 8
10 160
10 154
1 168
16 148
2 39
14 91
13 78
1 31
5 69
3 74
6 8
20 66
14 78
15 61
4 197
15 44
20 180
4 138
11 174
11 95
9 62
10 141
12 126
14 180
15 97
16 149
2 124
3 176
2 183
15 68
20 127
1 21
7 107
8 8
9 8
2 24
16 186
6 15
15 91
7 38
10 21
8 140
14 3
18 124
6 46
1 15
11 52
3 111
14 196
4 161
1 150
20 157
18 64
2 147
8 11
14 41
4 114
12 41
11 150
7 73
13 169
1 61
1 194
16 178
9 101
2 197
10 82
15 4
9 92
2 127
11 105
18 182
15 8
20 120
11 10
15 184
16 10
12 115
2 2
19 175
9 81
13 151
11 9
13 196
7 39
17 104
2 109
6 114
10 198
11 180
2 4
10 184
10 95
18 75
17 25
4 137
13 75
14 57
5 116
8 180
19 82
1 139
3 64
18 13
17 120
12 6
3 49
7 163
20 111
16 159
5 29
15 173
9 168
9 191
1 105
12 19
6 164
12 31
2 90
3 74
17 62
8 17
2 76
19 94
10 59
7 182
20 153
12 30
9 83
5 161
13 17
2 130
14 53
8 85
9 117
13 22
15 65
19 73
13 109
12 102
3 70
4 181
19 158
14 108
12 47
8 39
3 161
18 124
11 165
20 39
15 12
20 140
10 30
9 147
8 121
18 34
15 85
12 60
20 54
13 178
17 108
4 162
10 136
12 118
1 130
9 51
14 39
17 37
6 19
16 67
2 123
13 56
3 171
8 82
19 109
20 181
16 90
14 178
14 2
11 160
20 46
4 31
6 102
12 173
12 114
9 20
8 152
16 169
2 174
3 139
2 66
20 197
9 14
1 13
13 1
9 17
16 116
1 46
5 192
15 188
7 36
11 22
3 160
2 15
17 103
10 7
10 120
3 144
1 5
7 2
2 101
3 151
6 29
1 13
3 167
12 141
16 195
5 44
14 192
2 116
11 117
1 132
8 152
11 41
5 194
17 133
9 15
14 7
10 157
20 112
5 111
3 189
16 107
5 185
8 151
6 79
16 46
19 128
3 112
9 72
20 35
10 32
7 6
3 66
18 15
16 105
13 125
12 143
8 192
6 103
7 70
4 71
13 85
6 195
16 85
8 61
20 150
3 190
11 128
11 83
16 165
9 30
9 12
15 161
12 172
17 21
2 78
8 154
20 175
4 54
3 164
9 138
19 162
6 154
17 56
10 70
20 182
11 83
6 49
3 84
19 177
14 21
19 171
7 19
17 122
19 68
19 48
20 121
1 92
19 74
2 162
3 131
10 27
12 83
2 8
15 10
17 155
13 190
1 166
13 119
8 42
11 27
2 172
20 81
12 117
4 15
13 84
12 42
14 113
1 83
15 125
1 79
18 149
4 42
7 94
15 182
6 131
18 77
13 195
16 159
2 61
7 15
14 100
4 89
2 148
19 171
17 72
11 92
7 194
20 70
10 153
13 139
14 172
6 137
11 173
12 84
5 158
13 80
6 40
6 11
15 33
9 50
16 60
13 102
16 80
8 56
6 198
11 49
12 161
4 66
13 101
4 178
14 13
16 78
9 30
13 180
7 109
7 195
14 66
3 163
12 27
13 133
9 98
1 93
14 179
5 168
17 42
20 113
15 137
15 79
19 86
3 130
1 134
11 91
16 101
14 198
2 118
11 168
9 198
12 145
1 81
12 55
14 128
13 42
9 127
6 189
1 52
15 60
15 94
2 33
11 184
15 86
12 102
5 48
3 53
12 99
20 96
5 31
12 96
7 32
19 82
2 51
11 162
14 4
11 146
4 89
3 132
9 190
13 47
1 134
20 182
7 147
10 16
16 174
13 152
8 31
1 9
13 175
5 168
5 179
13 52
15 64
16 35
12 58
6 80
10 115
5 54
19 72
3 76
11 98
1 110
11 68
10 108
15 168
13 152
5 94
18 29
11 110
4 156
3 15
3 134
5 82
18 1
8 79
13 98
11 165
15 6
4 175
15 148
5 175
14 90
9 44
1 79
5 118
12 180
9 186
2 48
10 25
17 31
2 153
10 132
8 168
7 112
4 182
10 113
6 171
12 164
3 172
4 4
3 45
3 60
8 185
7 177
5 23
11 2
16 134
10 158
19 91
19 180
4 146
11 119
17 105
5 90
20 94
1 124
16 103
17 161
8 78
20 94
15 85
1 14
10 131
8 104
14 153
13 174
10 90
20 44
15 91
20 193
13 159
18 178
6 73
9 164
14 199
2 89
12 90
18 24
5 6
1 18
11 182
16 32
6 194
2 72
17 47
19 97
5 38
18 133
6 105
8 36
2 10
6 2
3 15
11 26
6 96
6 86
5 4
5 139
19 104
4 134
15 31
8 118
13 35
1 62
9 141
8 144
2 70
7 172
3 17
7 108
10 125
11 113
6 78
9 74
19 20
3 72
7 54
15 49
19 147
14 142
13 1
13 14
15 26
20 82
5 28
4 9
18 168
1 80
11 165
12 172
14 73
3 105
17 84
12 129
4 50
20 58
7 54
8 3
6 106
5 112
5 132
11 150
6 108
18 20
14 145
9 77
13 89
2 66
10 188
6 12
13 84
2 127
19 3
20 149
12 171
12 199
15 187
11 91
19 14
15 68
16 165
8 102
1 175
3 28
17 79
7 199
8 106
4 147
11 199
15 169
12 72
6 113
20 175
9 124
19 153
16 84
15 98
3 47
2 157
7 117
12 63
15 188
5 101
5 49
12 84
5 59
20 53
18 21
1 121
12 119
12 199
19 72
5 133
15 38
18 162
10 113
13 36
2 163
2 198
11 137
4 192
1 91
19 59
10 25
9 56
1 138
17 14
19 140
18 10
6 71
17 9
5 157
9 200
13 137
20 19
1 50
5 23
13 140
12 168
3 1
10 83
3 87
3 18
20 110
11 132
5 82
7 41
9 28
4 146
12 153
15 22
11 129
11 92
12 139
4 160
1 46
19 44
3 112
20 100
4 23
3 28
13 198
20 192
20 175
3 17
13 112
6 118
16 14
15 166
5 95
9 15
18 31
8 148
15 189
10 180
11 40
5 18
11 165
14 152
12 142
7 173
4 88
16 82
2 115
16 195
9 163
6 196
16 97
9 191
10 153
17 193
2 48
7 186
7 41
10 49
12 153
20 174
16 132
1 12
14 182
3 61
4 24
8 36
8 184
10 20
2 17
5 154
12 13
19 85
16 18
13 134
1 133
1 32
20 132
7 31
8 177
15 4
6 96
19 9
18 104
5 123
14 142
1 40
1 52
9 1
10 165
12 43
2 32
11 142
13 155
6 170
11 154
12 194
6 189
8 66
4 79
3 67
20 191
10 74
5 148
10 193
18 196
6 174
13 145
10 34
8 94
18 132
15 131
2 61
4 40
4 62
16 125
17 126
15 179
15 186
2 174
10 158
11 131
18 128
15 144
2 106
12 12
3 9
10 145
6 115
7 67
20 63
10 85
12 13
20 6
14 80
18 139
13 93
8 192
9 134
14 46
7 132
3 172
11 147
7 174
18 73
5 11
1 159
4 89
16 168
19 18
3 129
10 113
18 132
2 34
17 192
2 74
19 135
19 14
4 71
12 44
11 26
17 57
16 108
15 18
20 161
19 52
11 150
15 162
10 47
3 35
15 163
13 152
5 179
5 69
20 94
15 34
19 6
7 99
14 33
7 112
15 95
20 157
3 5
20 133
20 118
12 130
19 104
18 114
14 9
10 99
9 195
18 174
6 134
8 117
2 75
10 102
10 134
3 104
5 45
5 97
10 8
20 103
3 191
3 14
12 88
9 159
9 24
1 156
19 30
8 149
14 143
2 93
14 30
17 88
4 200
1 31
13 140
17 60
9 92
2 23
16 179
17 61
19 178
3 127
11 88
20 28
5 193
15 170
13 55
6 200
16 90
5 64
11 45
19 121
20 97
10 35
19 138
10 77
3 27
12 123
11 57
4 62
12 182
8 113
13 82
14 157
15 13
3 70
6 18
9 199
6 138
8 83
11 46
19 63
8 14
14 123
4 183
4 37
19 193
8 192
11 184
19 128
8 121
9 58
20 38
17 110
9 71
6 188
11 73
1 35
15 45
3 63
15 103
10 186
15 102
20 127
20 25
9 113
15 48
12 183
6 47
2 154
8 18
12 53
8 101
18 102
16 109
1 69
19 160
1 188
6 150
19 74
3 107
12 194
17 52
5 71
1 184
1 113
8 61
7 27
9 93
13 3
2 132
19 128
8 21
10 55
14 161
1 36
7 43
20 130
20 168
14 121
5 85
11 76
9 57
20 169
10 134
10 147
9 102
17 50
16 127
2 154
1 65
13 120
5 104
14 14
10 41
10 152
16 14
19 127
14 141
19 107
18 157
3 56
10 111
1 12
16 197
15 6
20 70
9 70
4 100
13 24
6 87
18 66
11 147
11 67
7 162
11 157
4 75
14 134
12 167
8 40
4 125
18 133
1 80
14 55
17 96
10 25
4 90
16 118
7 129
14 160
6 24
16 200
10 37
20 155
9 72
18 112
4 33
8 83
18 153
4 117
4 190
16 111
17 12
17 88
11 23
17 101
17 22
2 4
18 195
19 43
18 19
20 183
7 197
8 177
6 73
20 37
2 9
12 111
16 51
6 153
12 98
3 40
3 190
15 20
15 41
16 60
14 199
5 95
17 178
15 41
13 51
14 38
8 22
14 39
8 195
4 111
10 26
11 148
18 16
11 48
18 24
16 24
3 178
7 156
15 124
12 184
6 152
10 186
18 144
8 171
14 63
16 142
4 90
8 52
10 118
10 26
18 69
13 57
12 163
14 6
11 25
19 92
15 56
17 42
8 133
5 78
2 90
16 170
3 153
1 111
12 115
15 110
10 180
19 21
6 91
18 113
2 198
5 93
7 115
18 30
18 190
20 187
17 102
20 135
4 128
11 60
19 155
3 33
9 61
14 18
7 24
4 65
11 159
1 66
20 192
1 74
10 98
5 169
1 20
11 111
6 121
2 45
17 96
2 94
4 161
11 1
15 173
9 196
5 163
4 51
16 102
9 161
13 67
12 122
10 63
14 14
11 84
9 196
16 50
8 184
4 55
7 155
4 29
7 65
11 60
3 19
16 127
